$ANSIBLE_VAULT;1.1;AES256
63323465623139376436383636366435663162643562616630353962646465666465616536363434
6634386537366232383631316231386130363164373536370a366334373035633630623031366163
65376338333635653338373235373233323662646463333937393732366232346238613866666662
6663333330613034320a653432333232643031386366393163323838316536336162306264383433
66343638396331626365386162333663333034643136316434636265313834343162613066356437
31333565623137373830323536326633343763353034353239386134316465306632386566643639
63666365623739356464383132386663313864363663663230343063386433343230316361313938
34626231313437323863666136666137333933373266636433663439643537653231623162343635
35663739313238646632616636343736363862666661313132386637346565353132333636626132
34386537623537616234393032363263333262363038613165656561363665626466373437396137
62636638346562383362303336343639326631303765383832383435353365656630633363643639
63356462613839313130343831323538373835623433393033643032393762613134396330363831
33336530383165643464616333363834633832633237313635643833383139373562653764313737
37366365613731353366613638336434316232376433313034353164356266363030663363396535
63363735666635393061613839363436646430356561653866333435663234633635363933633038
34363831393730313565303136343234666136613533376234306331346237386262663336643032
62353463653865303562643131306462633664616537303464303135363266323938396462333165
33383036303965626565326361336363376131373765356461303533373335396332616461393263
38393066326566336661313839376138323966393535383635353839333134383165363864346439
34303331336466623536363836623737336664663365313839316333633961326463363664343761
37393266373134346561323331363636653833653537663039643639643766663639303431386635
61393263623733623233383539613639613137313365323465376230366561373832626138396461
34616163663565306534653765363930396337393862623234313339333664646431653732343339
65643134383565316461333436353163346438633436343064656633383538336131353832353766
30363037363730316139373833373631303136383034383864343336326661616165376466643639
35613761356631356630623631616631613534623536353131313034353534353565363537643466
33653739366336393865343238373635373466396232323936633337633833383563333031613966
31643366313335306461366164353837383466666131613661306634646438643038323133663133
61353436306334316630616465643831323866326238643062353632376532306634613630653930
31353863326433393739643866343339336461656234313063663034653764316133303432613735
62386332656137353761376335396539626339383337316363656535626430666132313063643462
36346637353436353632333166386563666534353539383865383431303439303965613564336337
33373566663130666537343834626636323836356534616361663362306362633966306331656338
30323963646332363035666366633431336163623861323665373539613764343037363734393838
64346564613861396238666535303966656130616232623931326335323435363530343230333466
36363433396532396365366665616165646235396230623731323864656263333735616337363537
39333232366232363737363336363430303434363566393765373235373965333030373030353234
61666463323763323833613634386138616462636335666566363861646165396432323634656539
66633533353933623933343738346438656665663366646664323535356464663233303434303836
33336231343131643837373037636165373065323636666531663230353938666438653363613837
61666534373136326437373961396566363765336230376162396333613936633362643732373866
35386533313336313536633039313063623631366538323762623063616238393833376637623639
36373665373134386166633961373834393830346361306133383162373731663737383432643535
32646565313139666539633963653238666237643031333138356236393131343935313536393366
36333866633731626238363265316435306333663832393334363138336135643133356132383562
30656532626639643133396636393833336364303364653736636565336337666339393737376138
66353039313466353032343466396134663965643265613338333732303365643563616562646638
32393439353062633238303861636261663630336435636335633262373763613039663236303939
38643638386431333564643565336262383764326464393361376131653134303039333039316537
33643038633036393832376537333735613661326261633632393037353331643530616439343166
38303263373462353137646430353033343137633932356239616466343961383132656531626163
63616433343863316661353831393739383837356133366233353366636563366234656662643634
35613433653039303834343563363133316633396338663831646537643664336264656437653837
64346663323531393364393664316566373236346561656463313432373262353534653362393138
65346434393832633163356662306136656361316337316230383931383962333965363233356530
33363065383263616239316132666263653735336466376636633961383539653737333538323133
33663562353865613263633738396437636333363361316337346536613035353433626236323166
31653839356633386266623561393363383164656239623466613665623734323939303932303139
30636535303966643664333037316134623631313164623132353464346633633235643765306633
61336431623035373538653539646162383061653861336466316261313938613161323034353030
31306264323934626533633861646534356563343062643865633863646566656630663033366565
32393535353035333136636337613763653136393763643437356662333562666466306166393363
65343637386239343664393462356431303565363838363366626439623264363137653738663066
31643163653237343336663637623137636661666637356630333262656263646333356234616663
33313166343735326335643137376330663864343131353635346266613736613336623765393035
33633065356365623536353865386532633762623965613266643439343763303238393661333564
65626166373831353434306265653835303264316634343035656336366133353062656561313338
30383731353061623637653162623432643638643639626363313239366237313134393564663635
36663564623062633930643133313335326131313831633465376433393131336233386231613731
35383634313435346633383466643632653664396164303363383338363235663663666339633032
61353164653765626135303737646664373064363530666631336164303938643965366239376639
35653934653463353531396564653438653665386163633163366261633932613766346633636563
37303534396532363931346538386564383938636134383130383430666464616334356666623563
31623261333331313431323138346261313238353561643230333539373265373465386664343164
37373866663533633734613332356330316239353931333737336134613266303664303336383433
32336531366433323831323931626363396233373132613434643861373537316164343334393133
62363761313237623363373532633130396633336563613331323033616262313165376165353933
39636533373464336134633431323834663865323037636132613432343239343034353664653562
31386365346663656165303466356364396239393764613365353566623137626262613635383433
35643132363233643735353337636536653637356366313037316637646535383939346336616137
63653936333735336631386230326439663662366535353434613831613637363839343132363464
33313364663234666465643166333433353663343261383037633861363537376437366162643766
32376565313933613265303635373434633536396137383038326337386431373538663765626537
30393237306462636539373435393863636636386239326136356636333964646266613532643564
65653465393236313430656432613234653263626339323162303063376465363236353763613366
64396433666462353065636661643631663762333633333132343665643530366439373063643833
65326636666161623362373234393134333532373233346333613434363733323335303938393437
31386538623635336366336237336534663265376462303531353061373637343932333332656564
39616230353065386364656162333735306662326632393863303061663665666230343939343162
39303336383863626564663466303730326336323734363562636266343061386264336136633532
33306165363334306664373235353065623564616465613430646164363365383138313661396536
34623961356261323938643438343134623164313531646532316430616239636466623338653261
63353631656437343731613466653635363161343833623439623136646166303734383231613431
66356435643063356438623833613966343863383565626166336536666336653766633762393062
35356532316236323666633866656534333865633666653062366562373264333862663837343038
34346238663232626535663862393264376562623137343330333464363333643661373535643839
39656664393831653264636431643137633138323837653266383365633039663133346233353037
39666563616331646636303764336538366336383065343561656466663266376663613934373332
35343633356636613833393231353031613434363038343738396133613234323065376364346337
63633761656130346536383963636531346439613830303834636530383164363165393432613930
61663766386662336432333463373462383232613335333734656564363132373331306137616433
61663630333931366338363735393535666266306232633931333931353163666632646633386365
61326663313535376431343935386461316533626466336638623133313664353134653766653561
63366539316634363239636364653632613536333439656164303161316132376334356435663434
32386663653834616663363330613062626237303237656130323262636564623434313333363835
37626433646664306234393037383866663833386532653634363363613863353864333336316566
63376265323639346665333363306334623361353132623639636234383864383934303432666636
62643930383564326339376432363165366532346563376239356361346137386631616365323234
31643830343463393430626362376163663630333362306239393035316332643537363131383832
38363232346665656466333131323430393166383166366239616234643035313534353137303635
63313966633737363639623166633532383639376438366364353332666662373631376333646537
36363637616166323366666230333236383530613331346435376264366437373261383337643164
33396266613031376564343838356338303232333933333032656538333139366334663533393738
64383633643463393561306630616266303037353732323231356264383432386530383566633065
33386131303364326134653764376130316130386166393431323436393563666135383136303234
32316632643430363133386164666336323639353062643639653665643464316535656239313632
36616263646330343737653363373432313530363339363961343031353834353266363937306537
66613435373533623466313038356263656234386532643032666630336237373266303133383061
64303433376536393638646463343638356231643435313363646461353535396636663432373036
34363336663264323266623065393137306663313365323339333830313939386532636362376561
34356531376266623061333432303038633566643339623065666663333538353864336435653933
66306133336433396534396665393866353039306461343266613332613538633230653365663238
61313638346366396330666232383363623562386335646566663961383832623434353935613139
33306564333664363165653465386465366664356364623264383031336530306333633662323934
63393431633263666661613736373365336563613837663434613539383966343034383834633663
38373466616531613138373038336666303936393663306163356364366530323532336438653735
34646362636632626138393132343438363061323364373337356535363235373036376434336439
63643031376262613563653339323035363961633030306332323936333135343066653666333332
34613230393136353166303866363636393030643739666238333239323164623664346333653265
38336162396236613032656239346463616235656565303936333833623563366632303130626133
35373061356264633965636238373163656433333438633764353538343565663164663437326136
30613364356465313436383265343462333238616266323639356265343466383366383531623263
38623962396234353939346630656432313136363964363363323135376166363634343835323065
3531636232376637383861393466373137313465643561313965
